22
0 2637 7106 2283 3626 6873 4309 8110 972 8699 2012 8481 7589 6654 3825 4751 4078 2307 8858 8550 3214 5667
2637 0 4575 2296 1095 4342 1778 5579 2621 6168 3661 5950 5058 4123 1294 2220 1547 3956 6327 6019 1381 3136
7106 4575 0 6765 4214 1955 3447 2416 7090 3005 8130 2787 1895 1492 4171 2741 3654 8425 3164 2856 5850 2539
2283 2296 6765 0 3285 6532 3968 7769 2267 8358 3307 8140 7248 6313 3484 4410 3737 3602 8517 8209 2873 5326
3626 1095 4214 3285 0 3981 1417 5218 3610 5807 4650 5589 4697 3762 933 1859 1186 4945 5966 5658 2370 2775
6873 4342 1955 6532 3981 0 3214 2959 6857 3548 7897 3330 2438 1503 3938 2508 3421 8192 3707 3399 5617 2306
4309 1778 3447 3968 1417 3214 0 4451 4293 5040 5333 4822 3930 2995 1374 1092 857 5628 5199 4891 3053 2008
8110 5579 2416 7769 5218 2959 4451 0 8094 1981 9134 1763 1131 2496 5175 3745 4658 9429 2140 1832 6854 3543
972 2621 7090 2267 3610 6857 4293 8094 0 8683 1596 8465 7573 6638 3809 4735 4062 1891 8842 8534 3198 5651
8699 6168 3005 8358 5807 3548 5040 1981 8683 0 9723 1650 1720 3085 5764 4334 5247 10018 797 595 7443 4132
2012 3661 8130 3307 4650 7897 5333 9134 1596 9723 0 9505 8613 7678 4849 5775 5102 1507 9882 9574 4238 6691
8481 5950 2787 8140 5589 3330 4822 1763 8465 1650 9505 0 1502 2867 5546 4116 5029 9800 1809 1501 7225 3914
7589 5058 1895 7248 4697 2438 3930 1131 7573 1720 8613 1502 0 1975 4654 3224 4137 8908 1879 1571 6333 3022
6654 4123 1492 6313 3762 1503 2995 2496 6638 3085 7678 2867 1975 0 3719 2289 3202 7973 3244 2936 5398 2087
3825 1294 4171 3484 933 3938 1374 5175 3809 5764 4849 5546 4654 3719 0 1816 1143 5144 5923 5615 2569 2732
4751 2220 2741 4410 1859 2508 1092 3745 4735 4334 5775 4116 3224 2289 1816 0 1299 6070 4493 4185 3495 1302
4078 1547 3654 3737 1186 3421 857 4658 4062 5247 5102 5029 4137 3202 1143 1299 0 5397 5406 5098 2822 2215
2307 3956 8425 3602 4945 8192 5628 9429 1891 10018 1507 9800 8908 7973 5144 6070 5397 0 10177 9869 4533 6986
8858 6327 3164 8517 5966 3707 5199 2140 8842 797 9882 1809 1879 3244 5923 4493 5406 10177 0 754 7602 4291
8550 6019 2856 8209 5658 3399 4891 1832 8534 595 9574 1501 1571 2936 5615 4185 5098 9869 754 0 7294 3983
3214 1381 5850 2873 2370 5617 3053 6854 3198 7443 4238 7225 6333 5398 2569 3495 2822 4533 7602 7294 0 4411
5667 3136 2539 5326 2775 2306 2008 3543 5651 4132 6691 3914 3022 2087 2732 1302 2215 6986 4291 3983 4411 0
